Date   Alt   Lat   Lon         X         Y         Z         H         F        I       D
        km   deg   deg        nT        nT        nT        nT        nT      deg     deg
2014.1 378  17.9 168.8  25316.65   4057.58   4057.58  25639.75  27486.43     21.1     9.1
2014.1 378  16.9 169.6  25522.03   4081.84   4081.84  25846.39  27386.84     19.3     9.1
2014.1 378  15.9 170.5  25726.03   4110.88   4110.88  26052.41  27312.14     17.5     9.1
2014.1 378  14.9 171.4  25928.02   4144.35   4144.35  26257.15  27262.26     15.6     9.1
2014.1 378  13.9 172.2  26127.36   4181.87   4181.87  26459.91  27237.15     13.7     9.1
2014.1 378  12.9 173.1  26323.33   4223.02   4223.02  26659.92  27236.81     11.8     9.1
2014.1 378  11.9 173.9  26515.20   4267.35   4267.35  26856.40  27261.24      9.9     9.1
2014.1 378  10.8 174.8  26702.19   4314.39   4314.39  27048.50  27310.46      7.9     9.2
2014.1 378   9.8 175.6  26883.51   4363.64   4363.64  27235.35  27384.48      6.0     9.2
2014.1 378   8.8 176.5  27058.31   4414.58   4414.58  27416.07  27483.33      4.0     9.3
2014.1 378   7.8 177.3  27225.78   4466.69   4466.69  27589.75  27607.00      2.0     9.3
2014.1 378   6.8 178.1  27385.05   4519.41   4519.41  27755.47  27755.47      0.0     9.4
2014.1 379   5.7 178.9  27535.29   4572.20   4572.20  27912.31  27928.70     -2.0     9.4
2014.1 379   4.7 179.7  27675.65   4624.52   4624.52  28059.36  28126.57     -4.0     9.5
2014.1 379   3.7 -179.5  27805.29   4675.82   4675.82  28195.70  28348.94     -6.0     9.5
2014.1 379   2.7 -178.6  27923.40   4725.57   4725.57  28320.44  28595.60     -8.0     9.6
2014.1 379   1.6 -177.8  28029.19   4773.27   4773.27  28432.72  28866.29     -9.9     9.7
2014.1 379   0.6 -177.0  28121.87   4818.43   4818.43  28531.68  29160.65    -11.9     9.7
2014.1 380  -0.4 -176.2  28200.72   4860.60   4860.60  28616.54  29478.27    -13.9     9.8
2014.1 380  -1.5 -175.4  28265.03   4899.38   4899.38  28686.51  29818.66    -15.8     9.8
2014.1 380  -2.5 -174.6  28314.13   4934.40   4934.40  28740.88  30181.26    -17.8     9.9
2014.1 380  -3.5 -173.8  28347.40   4965.34   4965.34  28778.98  30565.43    -19.7     9.9
2014.1 381  -4.5 -173.0  28364.24   4991.93   4991.93  28800.16  30970.46    -21.6    10.0
2014.1 381  -5.6 -172.2  28364.10   5013.96   5013.96  28803.86  31395.60    -23.4    10.0
2014.1 381  -6.6 -171.4  28346.49   5031.28   5031.28  28789.53  31840.00    -25.3    10.1
2014.1 381  -7.6 -170.5  28310.92   5043.77   5043.77  28756.70  32302.80    -27.1    10.1
2014.1 382  -8.6 -169.7  28256.95   5051.40   5051.40  28704.91  32783.09    -28.9    10.1
2014.1 382  -9.7 -168.9  28184.18   5054.14   5054.14  28633.76  33279.91    -30.6    10.2
2014.1 382 -10.7 -168.0  28092.22   5052.03   5052.03  28542.87  33792.31    -32.4    10.2
2014.1 382 -11.7 -167.2  27980.70   5045.14   5045.14  28431.90  34319.29    -34.1    10.2
2014.1 383 -12.7 -166.4  27849.28   5033.54   5033.54  28300.52  34859.87    -35.7    10.2
2014.1 383 -13.7 -165.5  27697.64   5017.36   5017.36  28148.41  35413.03    -37.4    10.3
2014.1 383 -14.7 -164.7  27525.43   4996.69   4996.69  27975.28  35977.79    -39.0    10.3
2014.1 384 -15.7 -163.8  27332.35   4971.66   4971.66  27780.83  36553.15    -40.5    10.3
2014.1 384 -16.7 -162.9  27118.09   4942.37   4942.37  27564.79  37138.13    -42.1    10.3
2014.1 384 -17.7 -162.0  26882.33   4908.93   4908.93  27326.86  37731.74    -43.6    10.3
2014.1 385 -18.7 -161.1  26624.77   4871.41   4871.41  27066.75  38333.03    -45.1    10.4
2014.1 385 -19.7 -160.2  26345.10   4829.88   4829.88  26784.18  38941.02    -46.5    10.4
2014.1 385 -20.7 -159.3  26043.03   4784.37   4784.37  26478.85  39554.78    -48.0    10.4
2014.1 386 -21.6 -158.4  25718.26   4734.90   4734.90  26150.50  40173.34    -49.4    10.4
2014.1 386 -22.6 -157.5  25370.51   4681.45   4681.45  25798.81  40795.78    -50.8    10.5
2014.1 387 -23.6 -156.5  24999.48   4624.00   4624.00  25423.52  41421.17    -52.1    10.5
2014.1 387 -24.5 -155.5  24604.90   4562.48   4562.48  25024.33  42048.56    -53.5    10.5
2014.1 387 -25.5 -154.6  24186.48   4496.79   4496.79  24600.95  42677.03    -54.8    10.5
2014.1 388 -26.4 -153.6  23743.95   4426.82   4426.82  24153.09  43305.66    -56.1    10.6
2014.1 388 -27.4 -152.5  23277.02   4352.43   4352.43  23680.44  43933.50    -57.4    10.6
2014.1 388 -28.3 -151.5  22785.39   4273.43   4273.43  23182.67  44559.63    -58.7    10.6
2014.1 389 -29.2 -150.5  22268.75   4189.59   4189.59  22659.43  45183.07    -59.9    10.7
2014.1 389 -30.1 -149.4  21726.75   4100.64   4100.64  22110.34  45802.84    -61.1    10.7
2014.1 389 -31.1 -148.3  21159.01   4006.26   4006.26  21534.94  46417.94    -62.4    10.7
2014.1 390 -31.9 -147.2  20565.10   3906.05   3906.05  20932.77  47027.28    -63.6    10.8
2014.1 390 -32.8 -146.1  19944.56   3799.57   3799.57  20303.25  47629.73    -64.8    10.8
2014.1 390 -33.7 -144.9  19296.84   3686.28   3686.28  19645.78  48224.04    -66.0    10.8
2014.1 391 -34.6 -143.8  18621.38   3565.58   3565.58  18959.67  48808.85    -67.1    10.8
2014.1 391 -35.4 -142.6  17917.54   3436.77   3436.77  18244.17  49382.66    -68.3    10.9
2014.1 392 -36.3 -141.3  17184.65   3299.10   3299.10  17498.47  49943.76    -69.5    10.9
2014.1 392 -37.1 -140.1  16422.03   3151.74   3151.74  16721.74  50490.25    -70.7    10.9
2014.1 392 -37.9 -138.8  15628.98   2993.82   2993.82  15913.14  51019.97    -71.8    10.8
2014.1 392 -38.7 -137.5  14804.87   2824.43   2824.43  15071.88  51530.49    -73.0    10.8
2014.1 393 -39.5 -136.2  13949.13   2642.66   2642.66  14197.25  52019.05    -74.2    10.7
2014.1 393 -40.3 -134.8  13061.33   2447.62   2447.62  13288.69  52482.58    -75.3    10.6
2014.1 393 -41.0 -133.4  12141.25   2238.50   2238.50  12345.89  52917.69    -76.5    10.4
2014.1 394 -41.8 -132.0  11188.92   2014.58   2014.58  11368.84  53320.62    -77.7    10.2
2014.1 394 -42.5 -130.5  10204.74   1775.29   1775.29  10358.01  53687.31    -78.9     9.9
2014.1 394 -43.2 -129.0   9189.51   1520.27   1520.27   9314.42  54013.38    -80.1     9.4
2014.1 394 -43.8 -127.5   8144.57   1249.42   1249.42   8239.84  54294.22    -81.3     8.7
2014.1 395 -44.5 -126.0   7071.83    962.91    962.91   7137.08  54525.05    -82.5     7.8
2014.1 395 -45.1 -124.4   5973.88    661.26    661.26   6010.37  54700.98    -83.7     6.3
2014.1 395 -45.8 -122.7   4854.04    345.40    345.40   4866.31  54817.16    -84.9     4.1
2014.1 395 -46.3 -121.1   3716.37     16.65     16.65   3716.40  54868.90    -86.1     0.3
2014.1 396 -46.9 -119.4   2565.70   -323.21   -323.21   2585.97  54851.80    -87.3    -7.2
2014.1 396 -47.4 -117.6   1407.59   -671.93   -671.93   1559.74  54761.97    -88.4   -25.5
2014.1 396 -48.0 -115.9    248.26  -1026.78  -1026.78   1056.37  54596.13    -88.9   -76.4
2014.1 396 -48.4 -114.1   -905.55  -1384.57  -1384.57   1654.41  54351.83    -88.3  -123.2
2014.1 396 -48.9 -112.2  -2046.77  -1741.68  -1741.68   2687.51  54027.56    -87.1  -139.6
2014.1 396 -49.3 -110.4  -3168.21  -2094.05  -2094.05   3797.71  53622.90    -85.9  -146.5
2014.1 396 -49.7 -108.5  -4262.85  -2437.30  -2437.30   4910.43  53138.57    -84.7  -150.2
2014.1 396 -50.1 -106.5  -5324.13  -2766.77  -2766.77   6000.11  52576.43    -83.4  -152.5
2014.1 397 -50.4 -104.6  -6346.21  -3077.65  -3077.65   7053.11  51939.44    -82.2  -154.1
2014.1 397 -50.7 -102.6  -7324.27  -3365.06  -3365.06   8060.31  51231.49    -80.9  -155.3
2014.1 397 -51.0 -100.6  -8254.64  -3624.24  -3624.24   9015.22  50457.18    -79.7  -156.3
2014.1 397 -51.2 -98.6  -9134.91  -3850.62  -3850.62   9913.32  49621.55    -78.5  -157.1
2014.1 397 -51.4 -96.5  -9963.84  -4040.06  -4040.06  10751.75  48729.76    -77.3  -157.9
2014.1 397 -51.5 -94.4 -10741.16  -4188.93  -4188.93  11529.07  47786.82    -76.0  -158.7
2014.1 397 -51.7 -92.4 -11467.25  -4294.28  -4294.28  12244.94  46797.29    -74.8  -159.5
2014.1 397 -51.7 -90.3 -12142.74  -4353.93  -4353.93  12899.72  45765.19    -73.6  -160.3
2014.1 397 -51.8 -88.2  12768.04   4366.58   4366.58  13494.06  44693.95    -72.4    18.9
2014.1 397 -51.8 -86.1  13342.95   4331.83   4331.83  14028.50  43586.58    -71.2    18.0
2014.1 396 -51.8 -84.0  13866.40   4250.18   4250.18  14503.14  42445.88    -70.0    17.0
2014.1 396 -51.7 -81.9  14336.37   4123.05   4123.05  14917.47  41274.86    -68.8    16.0
2014.1 396 -51.6 -79.8  14749.99   3952.62   3952.62  15270.41  40077.06    -67.6    15.0
2014.1 396 -51.5 -77.8  15103.87   3741.81   3741.81  15560.47  38856.99    -66.4    13.9
2014.1 396 -51.3 -75.7  15394.63   3494.12   3494.12  15786.18  37620.35    -65.2    12.8
2014.1 396 -51.1 -73.7  15619.40   3213.50   3213.50  15946.54  36374.15    -64.0    11.6
2014.1 396 -50.8 -71.7  15776.46   2904.22   2904.22  16041.55  35126.72    -62.8    10.4
2014.1 395 -50.6 -69.7  15865.66   2570.73   2570.73  16072.58  33887.46    -61.7     9.2
2014.1 395 -50.2 -67.7  15888.74   2217.54   2217.54  16042.74  32666.53    -60.6     7.9
2014.1 395 -49.9 -65.7  15849.44   1849.08   1849.08  15956.94  31474.40    -59.5     6.7
2014.1 395 -49.5 -63.8  15753.39   1469.66   1469.66  15821.80  30321.38    -58.5     5.3
2014.1 395 -49.1 -61.9  15607.83   1083.35   1083.35  15645.38  29217.18    -57.6     4.0
2014.1 394 -48.7 -60.1  15421.17    693.93    693.93  15436.78  28170.42    -56.8     2.6
2014.1 394 -48.2 -58.3  15202.53    304.84    304.84  15205.58  27188.35    -56.0     1.1
2014.1 394 -47.7 -56.5  14961.18    -80.81    -80.81  14961.40  26276.58    -55.3    -0.3
2014.1 393 -47.2 -54.7  14706.14   -460.32   -460.32  14713.34  25438.98    -54.7    -1.8
2014.1 393 -46.6 -53.0  14445.77   -831.34   -831.34  14469.67  24677.62    -54.1    -3.3
2014.1 393 -46.0 -51.3  14187.45  -1191.88  -1191.88  14237.43  23992.86    -53.6    -4.8
2014.1 392 -45.4 -49.7  13937.46  -1540.35  -1540.35  14022.32  23383.51    -53.2    -6.3
2014.1 392 -44.8 -48.1  13700.85  -1875.44  -1875.44  13828.61  22847.06    -52.8    -7.8
2014.1 392 -44.2 -46.5  13481.49  -2196.20  -2196.20  13659.21  22379.93    -52.4    -9.3
2014.1 391 -43.5 -45.0  13282.13  -2501.93  -2501.93  13515.72  21977.73    -52.1   -10.7
2014.1 391 -42.8 -43.4  13104.51  -2792.22  -2792.22  13398.68  21635.57    -51.7   -12.0
2014.1 391 -42.1 -42.0  12949.52  -3066.85  -3066.85  13307.73  21348.31    -51.4   -13.3
2014.1 390 -41.4 -40.5  12817.37  -3325.82  -3325.82  13241.83  21110.76    -51.2   -14.5
2014.1 390 -40.6 -39.1  12707.77  -3569.28  -3569.28  13199.52  20917.89    -50.9   -15.7
2014.1 389 -39.9 -37.7  12620.03  -3797.50  -3797.50  13179.01  20764.97    -50.6   -16.7
2014.1 389 -39.1 -36.4  12553.26  -4010.84  -4010.84  13178.43  20647.65    -50.3   -17.7
2014.1 389 -38.3 -35.1  12506.43  -4209.72  -4209.72  13195.93  20562.04    -50.1   -18.6
2014.1 388 -37.5 -33.8  12478.54  -4394.57  -4394.57  13229.74  20504.73    -49.8   -19.4
2014.1 388 -36.7 -32.5  12468.62  -4565.82  -4565.82  13278.30  20472.80    -49.6   -20.1
2014.1 387 -35.8 -31.3  12475.87  -4723.88  -4723.88  13340.26  20463.75    -49.3   -20.7
2014.1 387 -35.0 -30.1  12499.66  -4869.08  -4869.08  13414.52  20475.54    -49.1   -21.3
2014.1 386 -34.1 -28.9  12539.54  -5001.70  -5001.70  13500.27  20506.44    -48.8   -21.7
2014.1 386 -33.2 -27.7  12595.32  -5121.92  -5121.92  13596.92  20555.07    -48.6   -22.1
2014.1 386 -32.4 -26.6  12667.00  -5229.84  -5229.84  13704.16  20620.26    -48.3   -22.4
2014.1 385 -31.5 -25.5  12754.78  -5325.46  -5325.46  13821.91  20701.04    -48.1   -22.7
2014.1 385 -30.6 -24.4  12859.09  -5408.71  -5408.71  13950.28  20796.57    -47.9   -22.8
2014.1 384 -29.7 -23.3  12980.48  -5479.42  -5479.42  14089.60  20906.06    -47.6   -22.9
2014.1 384 -28.7 -22.2  13119.63  -5537.37  -5537.37  14240.34  21028.77    -47.4   -22.9
2014.1 383 -27.8 -21.2  13277.33  -5582.30  -5582.30  14403.11  21163.93    -47.1   -22.8
2014.1 383 -26.9 -20.2  13454.38  -5613.92  -5613.92  14578.63  21310.75    -46.8   -22.6
2014.1 382 -25.9 -19.2  13651.59  -5631.91  -5631.91  14767.68  21468.36    -46.5   -22.4
2014.1 382 -25.0 -18.2  13869.73  -5636.01  -5636.01  14971.11  21635.80    -46.2   -22.1
2014.1 382 -24.0 -17.2  14109.47  -5625.95  -5625.95  15189.75  21812.07    -45.9   -21.7
2014.1 381 -23.0 -16.3  14371.36  -5601.55  -5601.55  15424.43  21996.05    -45.5   -21.3
2014.1 381 -22.1 -15.3  14655.76  -5562.68  -5562.68  15675.93  22186.56    -45.0   -20.8
2014.1 380 -21.1 -14.4  14962.87  -5509.33  -5509.33  15944.91  22382.38    -44.6   -20.2
2014.1 380 -20.1 -13.5  15292.64  -5441.57  -5441.57  16231.93  22582.25    -44.0   -19.6
2014.1 379 -19.1 -12.5  15644.80  -5359.59  -5359.59  16537.38  22784.90    -43.5   -18.9
2014.1 379 -18.1 -11.6  16018.81  -5263.71  -5263.71  16861.46  22989.07    -42.8   -18.2
2014.1 379 -17.2 -10.8  16413.89  -5154.36  -5154.36  17204.16  23193.54    -42.1   -17.4
2014.1 378 -16.2  -9.9  16828.99  -5032.10  -5032.10  17565.22  23397.18    -41.3   -16.6
2014.1 378 -15.1  -9.0  17262.83  -4897.61  -4897.61  17944.13  23598.93    -40.5   -15.8
2014.1 378 -14.1  -8.1  17713.86  -4751.68  -4751.68  18340.10  23797.87    -39.6   -15.0
2014.1 377 -13.1  -7.3  18180.36  -4595.20  -4595.20  18752.10  23993.21    -38.6   -14.2
2014.1 377 -12.1  -6.4  18660.37  -4429.14  -4429.14  19178.81  24184.31    -37.5   -13.4
2014.1 377 -11.1  -5.6  19151.79  -4254.56  -4254.56  19618.68  24370.72    -36.4   -12.5
2014.1 376 -10.1  -4.8  19652.38  -4072.56  -4072.56  20069.92  24552.17    -35.2   -11.7
2014.1 376  -9.1  -3.9  20159.78  -3884.28  -3884.28  20530.57  24728.57    -33.9   -10.9
2014.1 376  -8.0  -3.1  20671.55  -3690.88  -3690.88  20998.47  24900.01    -32.5   -10.1
2014.1 375  -7.0  -2.3  21185.23  -3493.50  -3493.50  21471.34  25066.80    -31.1    -9.4
2014.1 375  -6.0  -1.5  21698.31  -3293.28  -3293.28  21946.81  25229.39    -29.6    -8.6
2014.1 375  -5.0  -0.6  22208.32  -3091.29  -3091.29  22422.43  25388.42    -28.0    -7.9
2014.1 374  -3.9   0.2  22712.82  -2888.58  -2888.58  22895.77  25544.68    -26.3    -7.2
2014.1 374  -2.9   1.0  23209.44  -2686.08  -2686.08  23364.36  25699.08    -24.6    -6.6
2014.1 374  -1.9   1.8  23695.89  -2484.68  -2484.68  23825.80  25852.67    -22.8    -6.0
2014.1 374  -0.9   2.6  24169.96  -2285.14  -2285.14  24277.75  26006.58    -21.0    -5.4
2014.1 374   0.2   3.4  24629.59  -2088.15  -2088.15  24717.95  26162.01    -19.1    -4.8
2014.1 373   1.2   4.2  25072.81  -1894.28  -1894.28  25144.27  26320.22    -17.2    -4.3
2014.1 373   2.2   5.0  25497.79  -1704.00  -1704.00  25554.66  26482.49    -15.2    -3.8
2014.1 373   3.3   5.8  25902.81  -1517.70  -1517.70  25947.23  26650.13    -13.2    -3.4
2014.1 373   4.3   6.7  26286.28  -1335.67  -1335.67  26320.19  26824.41    -11.1    -2.9
2014.1 373   5.3   7.5  26646.73  -1158.14  -1158.14  26671.88  27006.59     -9.0    -2.5
2014.1 373   6.3   8.3  26982.80   -985.25   -985.25  27000.78  27197.88     -6.9    -2.1
2014.1 373   7.4   9.1  27293.23   -817.13   -817.13  27305.46  27399.43     -4.7    -1.7
2014.1 372   8.4   9.9  27576.86   -653.86   -653.86  27584.61  27612.34     -2.6    -1.4
2014.1 372   9.4  10.8  27832.61   -495.49   -495.49  27837.02  27837.60     -0.4    -1.0
2014.1 372  10.4  11.6  28059.49   -342.09   -342.09  28061.58  28076.13      1.8    -0.7
2014.1 372  11.5  12.4  28256.57   -193.72   -193.72  28257.24  28328.73      4.1    -0.4
2014.1 372  12.5  13.3  28423.00    -50.48    -50.48  28423.04  28596.10      6.3    -0.1
2014.1 372  13.5  14.1  28557.98     87.52     87.52  28558.12  28878.81      8.5     0.2
2014.1 372  14.5  15.0  28660.82    220.14    220.14  28661.66  29177.32     10.8     0.4
2014.1 372  15.5  15.9  28730.86    347.21    347.21  28732.96  29491.93     13.0     0.7
2014.1 372  16.5  16.7  28767.55    468.53    468.53  28771.37  29822.80     15.3     0.9
2014.1 372  17.5  17.6  28770.44    583.91    583.91  28776.36  30169.95     17.5     1.2
2014.1 372  18.5  18.5  28739.14    693.11    693.11  28747.50  30533.23     19.7     1.4
2014.1 372  19.5  19.4  28673.43    795.96    795.96  28684.48  30912.31     21.9     1.6
2014.1 372  20.5  20.3  28573.19    892.28    892.28  28587.12  31306.73     24.1     1.8
2014.1 372  21.5  21.3  28438.43    981.93    981.93  28455.38  31715.86     26.2     2.0
2014.1 372  22.4  22.2  28269.35   1064.87   1064.87  28289.40  32138.92     28.3     2.2
2014.1 372  23.4  23.2  28066.28   1141.12   1141.12  28089.46  32574.98     30.4     2.3
2014.1 372  24.4  24.1  27829.72   1210.78   1210.78  27856.05  33023.00     32.5     2.5
2014.1 373  25.3  25.1  27560.37   1274.08   1274.08  27589.80  33481.85     34.5     2.6
2014.1 373  26.3  26.1  27259.07   1331.37   1331.37  27291.56  33950.29     36.5     2.8
2014.1 373  27.2  27.1  26926.82   1383.09   1383.09  26962.32  34427.08     38.4     2.9
2014.1 373  28.2  28.2  26564.79   1429.81   1429.81  26603.24  34910.90     40.4     3.1
2014.1 373  29.1  29.2  26174.27   1472.24   1472.24  26215.64  35400.48     42.2     3.2
2014.1 373  30.0  30.3  25756.65   1511.14   1511.14  25800.94  35894.55     44.0     3.4
2014.1 373  30.9  31.4  25313.42   1547.38   1547.38  25360.67  36391.94     45.8     3.5
2014.1 373  31.8  32.5  24846.11   1581.89   1581.89  24896.41  36891.52     47.6     3.6
2014.1 374  32.7  33.6  24356.26   1615.64   1615.64  24409.79  37392.27     49.2     3.8
2014.1 374  33.6  34.8  23845.43   1649.58   1649.58  23902.42  37893.28     50.9     4.0
2014.1 374  34.5  35.9  23315.08   1684.67   1684.67  23375.87  38393.74     52.5     4.1
2014.1 374  35.3  37.1  22766.63   1721.79   1721.79  22831.64  38892.96     54.1     4.3
2014.1 374  36.2  38.4  22201.34   1761.75   1761.75  22271.13  39390.32     55.6     4.5
2014.1 374  37.0  39.6  21620.36   1805.24   1805.24  21695.59  39885.29     57.0     4.8
2014.1 375  37.8  40.9  21024.66   1852.79   1852.79  21106.14  40377.39     58.5     5.0
2014.1 375  38.6  42.2  20415.03   1904.78   1904.78  20503.70  40866.13     59.9     5.3
2014.1 375  39.4  43.5  19792.07   1961.37   1961.37  19889.02  41351.02     61.3     5.7
2014.1 375  40.2  44.9  19156.20   2022.50   2022.50  19262.67  41831.49     62.6     6.0
2014.1 375  41.0  46.3  18507.64   2087.89   2087.89  18625.04  42306.87     63.9     6.4
2014.1 376  41.7  47.7  17846.49   2156.99   2156.99  17976.37  42776.34     65.2     6.9
2014.1 376  42.4  49.2  17172.70   2228.98   2228.98  17316.75  43238.87     66.4     7.4
2014.1 376  43.1  50.7  16486.15   2302.79   2302.79  16646.20  43693.22     67.6     8.0
2014.1 376  43.8  52.2  15786.71   2377.03   2377.03  15964.66  44137.86     68.8     8.6
2014.1 376  44.5  53.8  15074.29   2450.06   2450.06  15272.10  44571.03     70.0     9.2
2014.1 376  45.1  55.4  14348.96   2519.97   2519.97  14568.56  44990.63     71.1    10.0
2014.1 377  45.7  57.0  13610.97   2584.57   2584.57  13854.19  45394.35     72.2    10.8
2014.1 377  46.3  58.7  12860.95   2641.47   2641.47  13129.41  45779.63     73.3    11.6
2014.1 377  46.9  60.4  12099.92   2688.06   2688.06  12394.91  46143.76     74.4    12.5
2014.1 377  47.4  62.1  11329.42   2721.63   2721.63  11651.74  46484.01     75.5    13.5
2014.1 377  47.9  63.9  10551.60   2739.38   2739.38  10901.40  46797.71     76.5    14.6
2014.1 377  48.4  65.7   9769.24   2738.58   2738.58  10145.83  47082.51     77.6    15.7
2014.1 378  48.9  67.6   8985.71   2716.62   2716.62   9387.39  47336.50     78.6    16.8
2014.1 378  49.3  69.5   8204.97   2671.18   2671.18   8628.84  47558.50     79.5    18.0
2014.1 378  49.7  71.4   7431.35   2600.32   2600.32   7873.16  47748.22     80.5    19.3
2014.1 378  50.1  73.3   6669.34   2502.60   2502.60   7123.42  47906.50     81.4    20.6
2014.1 378  50.4  75.3   5923.28   2377.21   2377.21   6382.50  48035.40     82.4    21.9
2014.1 378  50.7  77.3   5196.95   2223.99   2223.99   5652.82  48138.28     83.3    23.2
2014.1 378  51.0  79.3   4493.18   2043.47   2043.47   4936.04  48219.69     84.1    24.5
2014.1 378  51.2  81.3   3813.45   1836.87   1836.87   4232.79  48285.18     85.0    25.7
2014.1 379  51.4  83.4   3157.48   1605.98   1605.98   3542.44  48340.92     85.8    27.0
2014.1 379  51.5  85.5   2523.04   1353.11   1353.11   2862.98  48393.23     86.6    28.2
2014.1 379  51.7  87.6   1905.86   1080.88   1080.88   2191.02  48447.98     87.4    29.6
2014.1 379  51.8  89.6   1299.70    792.12    792.12   1522.06  48509.99     88.2    31.4
2014.1 379  51.8  91.7   -696.72   -489.74   -489.74    851.63  48582.41     89.0  -144.9
2014.1 379  51.8  93.9    -87.95   -176.56   -176.56    197.25  48666.27     89.8  -116.5
2014.1 379  51.8  96.0    536.08    144.67    144.67    555.26  48760.15     89.3    15.1
2014.1 379  51.7  98.1   1184.52    471.38    471.38   1274.87  48860.07     88.5    21.7
2014.1 379  51.6 100.1   1865.50    801.12    801.12   2030.24  48959.67     87.6    23.2
2014.1 379  51.5 102.2   2585.38   1131.55   1131.55   2822.16  49050.58     86.7    23.6
2014.1 379  51.3 104.3   3348.19   1460.35   1460.35   3652.81  49122.95     85.7    23.6
2014.1 379  51.1 106.3   4155.30   1785.22   1785.22   4522.56  49166.18     84.7    23.2
2014.1 379  50.8 108.4   5005.20   2103.82   2103.82   5429.38  49169.64     83.7    22.8
2014.1 379  50.5 110.4   5893.65   2413.77   2413.77   6368.78  49123.40     82.6    22.3
2014.1 379  50.2 112.3   6813.93   2712.69   2712.69   7334.06  49018.83     81.4    21.7
2014.1 379  49.9 114.3   7757.40   2998.23   2998.23   8316.64  48849.15     80.2    21.1
2014.1 379  49.5 116.2   8714.00   3268.14   3268.14   9306.70  48609.71     79.0    20.6
2014.1 379  49.1 118.1   9673.01   3520.40   3520.40  10293.70  48298.15     77.7    20.0
2014.1 379  48.6 120.0  10623.61   3753.22   3753.22  11267.11  47914.43     76.4    19.5
2014.1 379  48.1 121.8  11555.52   3965.15   3965.15  12216.90  47460.65     75.1    18.9
2014.1 379  47.6 123.6  12459.47   4155.14   4155.14  13134.06  46940.81     73.8    18.4
2014.1 379  47.1 125.3  13327.56   4322.53   4322.53  14011.00  46360.45     72.4    18.0
2014.1 379  46.5 127.1  14153.46   4467.10   4467.10  14841.68  45726.33     71.1    17.5
2014.1 379  46.0 128.7  14932.58   4589.00   4589.00  15621.80  45045.98     69.7    17.1
2014.1 379  45.3 130.4  15661.96   4688.78   4688.78  16348.75  44327.42     68.4    16.7
2014.1 379  44.7 132.0  16340.24   4767.31   4767.31  17021.48  43578.76     67.0    16.3
2014.1 379  44.1 133.6  16967.44   4825.73   4825.73  17640.35  42807.98     65.7    15.9
2014.1 379  43.4 135.1  17544.78   4865.42   4865.42  18206.91  42022.70     64.3    15.5
2014.1 379  42.7 136.6  18074.40   4887.92   4887.92  18723.67  41230.00     63.0    15.1
2014.1 379  42.0 138.1  18559.20   4894.87   4894.87  19193.84  40436.32     61.7    14.8
2014.1 379  41.2 139.5  19002.56   4888.00   4888.00  19621.15  39647.43     60.3    14.4
2014.1 379  40.5 141.0  19408.17   4869.04   4869.04  20009.61  38868.34     59.0    14.1
2014.1 378  39.7 142.3  19779.86   4839.73   4839.73  20363.35  38103.36     57.7    13.7
2014.1 378  38.9 143.7  20121.49   4801.75   4801.75  20686.50  37356.12     56.4    13.4
2014.1 378  38.1 145.0  20436.80   4756.73   4756.73  20983.07  36629.61     55.1    13.1
2014.1 378  37.3 146.3  20729.34   4706.20   4706.20  21256.86  35926.24     53.7    12.8
2014.1 378  36.5 147.5  21002.46   4651.62   4651.62  21511.41  35247.90     52.4    12.5
2014.1 378  35.7 148.8  21259.21   4594.33   4594.33  21749.99  34596.05     51.0    12.2
2014.1 378  34.8 150.0  21502.39   4535.57   4535.57  21975.53  33971.75     49.7    11.9
2014.1 378  33.9 151.2  21734.47   4476.46   4476.46  22190.67  33375.73     48.3    11.6
2014.1 378  33.1 152.3  21957.67   4418.03   4418.03  22397.73  32808.45     46.9    11.4
2014.1 378  32.2 153.5  22173.92   4361.20   4361.20  22598.74  32270.16     45.5    11.1
2014.1 378  31.3 154.6  22384.90   4306.78   4306.78  22795.44  31760.91     44.1    10.9
2014.1 378  30.4 155.7  22592.02   4255.49   4255.49  22989.31  31280.62     42.7    10.7
2014.1 378  29.5 156.8  22796.50   4207.95   4207.95  23181.62  30829.11     41.2    10.5
2014.1 378  28.5 157.8  22999.34   4164.71   4164.71  23373.37  30406.11     39.8    10.3
2014.1 378  27.6 158.9  23201.34   4126.20   4126.20  23565.39  30011.29     38.3    10.1
2014.1 378  26.7 159.9  23403.15   4092.82   4092.82  23758.34  29644.30     36.7     9.9
2014.1 378  25.7 160.9  23605.25   4064.84   4064.84  23952.68  29304.74     35.2     9.8
2014.1 378  24.8 161.9  23807.97   4042.49   4042.49  24148.73  28992.25     33.6     9.6
2014.1 378  23.8 162.8  24011.52   4025.92   4025.92  24346.69  28706.44     32.0     9.5
2014.1 378  22.8 163.8  24215.99   4015.22   4015.22  24546.62  28446.95     30.4     9.4
2014.1 377  21.9 164.7  24421.35   4010.40   4010.40  24748.45  28213.45     28.7     9.3
2014.1 377  20.9 165.7  24627.48   4011.43   4011.43  24952.04  28005.63     27.0     9.3
2014.1 378  19.9 166.6  24834.14   4018.20   4018.20  25157.12  27823.23     25.3     9.2
2014.1 378  18.9 167.5  25041.04   4030.56   4030.56  25363.34  27666.01     23.5     9.1
2014.1 378  17.9 168.4  25247.78   4048.31   4048.31  25570.28  27533.79     21.8     9.1
2014.1 378  16.9 169.3  25453.91   4071.20   4071.20  25777.43  27426.42     20.0     9.1
2014.1 378  15.9 170.2  25658.88   4098.93   4098.93  25984.22  27343.79     18.1     9.1
2014.1 378  14.9 171.0  25862.13   4131.16   4131.16  26190.00  27285.84     16.3     9.1
2014.1 378  13.9 171.9  26063.00   4167.51   4167.51  26394.09  27252.52     14.4     9.1
2014.1 378  12.9 172.7  26260.80   4207.57   4207.57  26595.74  27243.84     12.5     9.1
2014.1 378  11.9 173.6  26454.81   4250.89   4250.89  26794.16  27259.81     10.6     9.1
2014.1 378  10.9 174.4  26644.26   4297.02   4297.02  26988.53  27300.46      8.7     9.2
2014.1 378   9.9 175.3  26828.34   4345.44   4345.44  27177.98  27365.82      6.7     9.2
2014.1 378   8.8 176.1  27006.24   4395.65   4395.65  27361.63  27455.93      4.8     9.2
2014.1 378   7.8 176.9  27177.13   4447.11   4447.11  27538.58  27570.82      2.8     9.3
2014.1 378   6.8 177.7  27340.16   4499.29   4499.29  27707.90  27710.49      0.8     9.3
2014.1 379   5.8 178.6  27494.46   4551.62   4551.62  27868.67  27874.90     -1.2     9.4
2014.1 379   4.7 179.4  27639.20   4603.58   4603.58  28019.97  28064.00     -3.2     9.5
2014.1 379   3.7 -179.8  27773.54   4654.60   4654.60  28160.87  28277.66     -5.2     9.5
2014.1 379   2.7 -179.0  27896.63   4704.17   4704.17  28290.48  28515.70     -7.2     9.6
2014.1 379   1.7 -178.2  28007.68   4751.77   4751.77  28407.91  28777.89     -9.2     9.6
2014.1 379   0.6 -177.4  28105.89   4796.91   4796.91  28512.30  29063.92    -11.2     9.7
2014.1 380  -0.4 -176.6  28190.51   4839.14   4839.14  28602.84  29373.40    -13.2     9.7
2014.1 380  -1.4 -175.8  28260.83   4878.05   4878.05  28678.73  29705.88    -15.1     9.8
2014.1 380  -2.4 -175.0  28316.14   4913.26   4913.26  28739.24  30060.81    -17.1     9.8
2014.1 380  -3.5 -174.2  28355.80   4944.44   4944.44  28783.65  30437.60    -19.0     9.9
2014.1 380  -4.5 -173.3  28379.20   4971.33   4971.33  28811.33  30835.56    -20.9     9.9
2014.1 381  -5.5 -172.5  28385.77   4993.70   4993.70  28821.67  31253.95    -22.8    10.0
2014.1 381  -6.5 -171.7  28374.98   5011.40   5011.40  28814.12  31691.97    -24.6    10.0
